0, 0
720, 823
233, 414
335, 879
167, 287
586, 368
365, 514
915, 956
215, 83
573, 646
767, 641
330, 61
928, 704
582, 804
236, 251
846, 784
598, 76
609, 687
154, 489
943, 407
699, 817
299, 303
471, 474
719, 923
164, 533
605, 485
481, 806
735, 134
673, 692
228, 963
865, 365
113, 91
705, 289
306, 6
224, 845
890, 459
840, 740
167, 764
672, 212
581, 936
91, 224
569, 563
694, 598
808, 654
212, 502
781, 352
216, 839
81, 807
162, 437
712, 312
279, 334
820, 641
552, 822
496, 89
984, 558
56, 970
861, 744
874, 10
742, 265
120, 751
50, 264
287, 137
134, 280
912, 397
216, 970
895, 73
623, 993
555, 641
61, 332
684, 945
931, 287
660, 57
189, 284
9, 427
800, 400
727, 196
219, 753
557, 999
169, 256
682, 386
618, 641
665, 631
432, 441
989, 798
24, 155
537, 839
384, 515
502, 361
631, 67
524, 257
228, 421
475, 610
94, 814
692, 539
676, 823
287, 160
669, 534
956, 613
188, 701
143, 759
326, 869
230, 497
582, 646
965, 947
124, 599
447, 567
933, 261
10, 658
903, 634
292, 22
710, 631
317, 155
428, 642
753, 657
571, 744
489, 937
673, 220
47, 892
923, 342
136, 724
136, 486
157, 475
895, 493
821, 10
344, 296
753, 628
383, 622
265, 255
362, 543
660, 444
873, 841
884, 541
259, 214
834, 367
869, 180
741, 718
77, 233
902, 716
407, 604
454, 440
894, 285
845, 62
613, 111
170, 942
658, 345
924, 803
604, 637
883, 1000
141, 481
68, 451
653, 473
400, 48
313, 673
939, 915
721, 740
662, 723
46, 580
467, 750
226, 15
933, 57
594, 809
463, 34
22, 479
848, 118
213, 556
374, 608
809, 200
86, 951
9, 826
143, 3
633, 103
419, 469
169, 240
356, 191
2, 56
749, 753
915, 14
786, 56
892, 655
462, 17
104, 429
847, 41
465, 205
457, 162
544, 509
674, 695
656, 502
868, 515
991, 909
545, 55
95, 927
666, 15
136, 904
283, 683
880, 687
854, 965
431, 378
943, 301
286, 271
802, 367
104, 728
989, 450
426, 488
124, 609
62, 583
784, 134
534, 424
123, 900
853, 992
6, 652
717, 846
183, 2
674, 510
966, 923
849, 837
142, 763
727, 454
283, 240
174, 420
416, 146
900, 201
318, 517
649, 536
406, 737
178, 518
464, 453
650, 314
687, 150
528, 243
297, 760
716, 562
816, 597
785, 937
807, 493
726, 411
714, 480
287, 274
786, 131
946, 78
216, 710
679, 237
686, 592
296, 341
23, 272
389, 446
247, 779
313, 676
418, 958
967, 537
231, 723
338, 791
630, 187
927, 574
420, 926
444, 669
871, 953
13, 934
752, 19
790, 18
55, 497
371, 982
30, 55
842, 80
960, 530
632, 705
165, 263
127, 493
23, 82
252, 127
510, 84
812, 990
142, 580
763, 413
795, 913
973, 999
415, 22
971, 265
730, 52
179, 343
287, 440
854, 246
308, 459
321, 748
754, 54
996, 225
169, 580
498, 513
283, 167
120, 752
958, 930
872, 811
584, 769
151, 288
980, 740
712, 924
798, 790
429, 389
585, 647
820, 212
20, 869
950, 263
187, 797
525, 54
667, 430
964, 757
64, 639
602, 894
426, 789
565, 609
967, 380
732, 772
654, 168
724, 458
760, 511
822, 223
834, 647
925, 602
772, 647
428, 183
649, 581
867, 634
777, 237
503, 425
668, 926
17, 742
453, 675
90, 205
753, 417
525, 600
62, 479
77, 703
824, 976
634, 726
150, 996
397, 737
317, 543
286, 945
555, 944
188, 181
473, 636
174, 54
922, 842
741, 525
48, 1000
183, 483
115, 581
97, 782
80, 734
699, 169
66, 893
272, 320
592, 982
465, 878
172, 70
265, 84
172, 246
39, 108
649, 312
681, 283
245, 36
616, 954
95, 799
586, 830
950, 324
301, 817
673, 524
335, 246
238, 943
169, 380
377, 697
604, 444
697, 41
523, 366
880, 345
423, 102
973, 602
545, 257
58, 218
297, 171
105, 517
923, 222
947, 401
847, 45
14, 223
291, 877
385, 217
166, 378
133, 543
428, 351
707, 991
421, 17
426, 244
390, 43
182, 573
460, 232
928, 57
946, 218
162, 921
129, 231
3, 206
951, 25
610, 663
70, 168
149, 391
601, 452
974, 888
95, 150
894, 661
130, 968
737, 773
608, 974
307, 408
517, 759
362, 4
382, 620
849, 241
165, 3
586, 478
761, 944
327, 432
808, 591
126, 711
93, 223
234, 184
611, 26
162, 539
151, 727
550, 567
493, 917
554, 1000
394, 450
290, 750
566, 358
12, 867
338, 240
714, 686
361, 561
198, 238
784, 356
144, 521
876, 872
522, 822
371, 694
186, 34
124, 656
523, 616
302, 347
677, 324
743, 681
780, 826
728, 624
134, 535
127, 555
441, 694
445, 98
281, 956
200, 296
41, 212
638, 586
793, 70
657, 836
898, 516
725, 414
939, 143
648, 721
82, 624
514, 306
660, 538
485, 941
58, 632
820, 474
284, 540
351, 809
43, 584
712, 335
745, 72
331, 767
33, 726
51, 652
361, 245
862, 694
381, 593
748, 740
17, 119
952, 995
203, 247
774, 991
349, 677
727, 244
545, 573
65, 700
129, 526
484, 205
989, 344
862, 502
231, 249
833, 523
667, 10
480, 786
382, 527
206, 912
555, 771
37, 583
832, 571
96, 758
288, 130
963, 357
962, 744
160, 229
397, 189
918, 760
373, 672
796, 469
277, 867
442, 958
166, 176
652, 511
224, 212
231, 250
668, 776
700, 948
69, 984
696, 400
552, 907
831, 986
452, 5
290, 486
450, 120
114, 239
901, 668
636, 171
869, 209
615, 16
225, 409
614, 176
272, 601
163, 291
185, 336
293, 386
657, 120
45, 56
248, 571
660, 724
750, 218
883, 228
105, 246
790, 519
114, 578
339, 570
585, 501
615, 330
7, 360
778, 359
96, 226
576, 48
584, 419
554, 709
852, 527
824, 514
148, 119
502, 867
373, 422
607, 786
160, 847
869, 993
71, 157
501, 528
846, 14
626, 66
910, 585
956, 59
307, 230
141, 625
481, 107
137, 943
969, 191
4, 854
310, 893
137, 668
337, 771
105, 698
292, 729
734, 775
486, 892
110, 869
788, 220
782, 102
156, 708
5, 670
39, 928
368, 443
845, 610
319, 139
20, 7
698, 760
343, 122
435, 3
409, 871
430, 243
910, 592
445, 166
571, 687
250, 971
349, 337
203, 713
548, 505
310, 733
287, 542
755, 271
196, 405
355, 41
323, 802
283, 621
239, 234
107, 326
163, 547
723, 555
934, 593
989, 630
361, 689
888, 356
911, 535
915, 671
636, 100
225, 824
554, 163
71, 900
3, 28
41, 847
296, 96
893, 529
0, 617
984, 78
236, 765
176, 498
135, 690
994, 246
510, 647
153, 859
446, 275
549, 457
387, 553
511, 982
821, 767
761, 626
470, 932
412, 761
50, 704
223, 856
940, 264
69, 549
603, 372
367, 824
308, 234
324, 631
210, 359
286, 6
8, 487
69, 322
994, 844
335, 165
177, 683
846, 460
60, 588
673, 61
695, 759
98, 673
554, 974
295, 90
356, 915
399, 489
29, 930
631, 158
274, 867
713, 904
42, 863
955, 985
122, 415
754, 707
219, 68
449, 71
595, 169
746, 641
474, 602
245, 129
545, 903
486, 746
384, 155
602, 497
418, 149
724, 490
111, 526
460, 867
638, 173
147, 70
75, 232
410, 426
457, 810
594, 415
937, 328
175, 189
333, 536
817, 488
420, 680
619, 729
321, 706
226, 994
324, 987
689, 584
611, 631
453, 599
255, 742
155, 596
15, 225
920, 412
978, 541
84, 914
552, 629
401, 454
844, 933
17, 58
818, 201
691, 101
180, 435
760, 824
957, 549
27, 982
776, 689
668, 105
752, 79
386, 946
120, 530
165, 510
475, 929
154, 193
658, 222
858, 612
693, 202
101, 747
952, 505
838, 558
514, 902
935, 785
244, 580
8, 516
718, 804
449, 178
71, 175
536, 650
417, 589
216, 419
215, 269
570, 321
421, 189
230, 664
519, 606
397, 116
902, 498
873, 42
450, 436
257, 60
131, 934
697, 246
56, 802
520, 395
809, 348
684, 605
1000, 415
305, 162
640, 68
786, 386
384, 648
941, 298
165, 813
548, 222
69, 405
324, 320
96, 929
429, 739
195, 731
869, 641
236, 172
20, 63
657, 507
231, 137
916, 514
592, 107
75, 649
669, 411
54, 301
428, 707
659, 486
164, 965
210, 405
209, 687
720, 69
668, 554
136, 258
422, 857
472, 726
273, 43
411, 811
132, 771
341, 280
920, 420
703, 398
539, 814
323, 295
253, 456
101, 690
813, 303
800, 150
10, 271
601, 213
840, 300
204, 340
870, 906
3, 542
685, 771
623, 96
203, 814
476, 647
244, 660
185, 155
582, 228
854, 794
296, 509
82, 805
984, 703
758, 273
185, 281
761, 380
111, 461
821, 796
638, 952
992, 322
483, 815
784, 770
554, 296
536, 289
707, 210
119, 135
206, 86
756, 293
472, 734
250, 164
651, 31
200, 410
794, 940
473, 813
284, 526
113, 509
433, 843
143, 147
374, 430
799, 519
461, 604
149, 132
176, 549
152, 592
844, 289
20, 799
14, 754
800, 512
253, 161
321, 644
557, 554
403, 336
250, 809
201, 172
939, 145
694, 910
874, 956
735, 329
782, 821
19, 3
239, 903
974, 178
51, 423
925, 963
169, 272
858, 382
147, 545
756, 978
597, 446
672, 786
320, 532
671, 298
199, 708
648, 96
533, 285
584, 128
185, 590
579, 329
857, 279
465, 128
465, 986
236, 339
535, 266
5, 30
650, 892
895, 149
827, 123
940, 34
786, 971
713, 917
24, 808
877, 663
988, 863
780, 587
869, 292
690, 407
871, 188
866, 543
587, 864
426, 56
29, 665
434, 249
986, 723
682, 358
589, 341
2, 715
370, 144
410, 555
731, 332
399, 104
493, 157
559, 33
152, 450
423, 788
550, 307
966, 271
244, 691
618, 372
886, 717
861, 573
783, 203
302, 198
945, 885
672, 171
633, 352
600, 51
263, 990
218, 278
908, 609
715, 324
32, 91
568, 896
995, 765
900, 830
34, 525
730, 669
469, 437
648, 585
191, 683
736, 210
251, 252
76, 290
501, 754
721, 804
780, 772
816, 94
955, 716
141, 506
390, 555
326, 962
405, 97
547, 160
171, 89
6, 989
496, 56
196, 51
893, 0
843, 585
46, 779
561, 59
359, 36
183, 980
938, 49
228, 910
347, 346
226, 423
675, 552
901, 133
790, 181
674, 130
714, 488
616, 917
158, 84
421, 512
410, 881
62, 789
876, 716
473, 738
789, 926
884, 600
125, 357
784, 692
605, 921
417, 457
465, 993
