0, 0
1731, 4551
4475, 4600
3263, 49
3959, 4901
3633, 4210
956, 158
3808, 592
3268, 1000
3029, 3660
4471, 1231
2610, 14
2896, 4942
4911, 2744
770, 2979
3553, 2776
4764, 1246
19, 3516
1153, 3140
3609, 3873
4523, 3239
86, 4896
2294, 1637
840, 737
2193, 2594
2457, 3308
205, 3149
952, 3650
3106, 1230
2529, 3715
140, 1370
1109, 2560
3953, 3164
4861, 864
2368, 3308
1540, 1183
1035, 4673
3359, 1119
2677, 1288
879, 668
4825, 4115
1944, 4928
4387, 3978
2356, 3121
3744, 1363
144, 2193
127, 4904
1053, 1966
433, 3485
3327, 396
2524, 3034
919, 4639
3757, 2044
792, 549
1556, 1512
4023, 4670
3707, 2253
840, 1184
4932, 1219
453, 740
2892, 1058
2436, 4254
1946, 3027
687, 1426
2206, 773
1048, 2749
4446, 2444
4471, 4992
436, 1020
3631, 2520
4192, 3204
1891, 2106
222, 970
2819, 1287
348, 4861
1148, 752
128, 3299
337, 2890
2959, 3547
4778, 3852
2778, 461
1172, 4412
1122, 1356
207, 3130
825, 4346
1701, 428
3244, 2048
322, 1118
963, 4099
229, 1913
4807, 2
2951, 4255
3918, 159
3181, 817
3228, 1134
1414, 4165
2066, 95
2666, 542
3526, 2855
1092, 3243
550, 4170
1474, 4706
681, 640
1898, 1033
433, 1212
710, 4896
1014, 3030
32, 886
618, 1980
1839, 1332
634, 1806
3242, 938
3994, 469
3845, 3540
3793, 1758
4281, 2042
4204, 4928
4168, 826
1953, 730
387, 2829
3939, 1698
4082, 281
330, 2481
2411, 3119
3554, 1504
4737, 1930
1397, 4879
1140, 2297
2847, 4198
3137, 4043
3923, 4039
431, 53
4475, 1382
3339, 1818
2892, 833
1841, 349
1048, 2510
4870, 476
1764, 4289
2083, 392
4221, 2739
3209, 2784
4594, 4656
1273, 215
4398, 1175
4538, 349
3698, 1650
3491, 2730
4182, 3969
4708, 4989
2699, 2031
1512, 3984
676, 889
1565, 4039
904, 2884
3340, 4757
1633, 1550
4268, 3326
1258, 4437
1772, 2388
240, 1404
1964, 4270
806, 2923
4652, 1117
220, 3417
2988, 4064
1151, 3320
3774, 1979
3760, 31
2649, 2104
2660, 3156
2940, 2596
3154, 1466
4758, 2806
1889, 4731
1044, 2905
366, 1319
3014, 3443
3400, 3773
74, 2167
1102, 4446
1004, 4039
683, 1530
1142, 4623
2525, 150
2791, 512
2313, 361
3236, 123
1729, 761
1067, 2163
970, 2582
2838, 2321
2282, 2521
1869, 1528
613, 95
3067, 4723
2622, 2117
3395, 989
3136, 3164
2520, 891
3044, 640
617, 4182
19, 1624
2027, 4969
893, 1101
1078, 1726
3026, 4349
2193, 1538
1781, 2682
3490, 515
1760, 807
1900, 2319
3623, 3043
3532, 4607
395, 4208
3326, 4771
2157, 903
699, 3051
3306, 1161
4848, 1676
1246, 356
3410, 4825
2569, 3706
2247, 2459
607, 4692
4245, 2366
4768, 4832
2138, 4530
1398, 1109
2742, 360
3847, 4103
2836, 992
3820, 351
1711, 3907
1725, 3226
4220, 1703
3964, 1216
676, 1539
4344, 4653
4252, 4028
754, 2831
3349, 3638
2606, 1945
3315, 4999
1416, 786
2718, 996
1339, 1238
4410, 4145
3784, 883
3549, 1983
3204, 1699
35, 2325
220, 174
3541, 4272
1872, 2368
1556, 4223
4200, 315
4970, 2312
3333, 620
3399, 3763
88, 1248
4570, 2459
289, 2078
2688, 1966
1761, 4654
759, 1539
2527, 271
457, 2130
823, 2645
3322, 451
973, 197
3827, 4252
1944, 3386
4062, 4971
620, 218
3209, 3963
3242, 4806
4652, 2037
2129, 3847
4018, 2248
1233, 3268
968, 1779
2384, 373
2130, 3002
1677, 827
477, 3530
4371, 2823
4241, 3650
1973, 386
2504, 4754
4519, 2750
1784, 1836
229, 567
217, 1566
194, 2531
2140, 3076
2599, 1449
883, 4555
2181, 3388
2412, 3131
4561, 4640
2020, 3709
1101, 1019
3177, 4257
45, 1607
4557, 3004
1964, 3473
518, 614
3112, 3073
236, 1703
2049, 3784
1721, 2512
68, 3278
3509, 4179
576, 2768
1959, 206
3648, 2394
842, 164
4302, 1956
4872, 191
4353, 4573
1474, 1722
1925, 1567
4550, 3994
1981, 1164
2763, 4927
1785, 679
4359, 3026
2303, 4001
4766, 752
247, 231
3465, 3341
1086, 3718
1156, 4716
4065, 1233
3354, 2457
4296, 3988
3344, 1107
980, 2414
2541, 1509
3211, 4247
4421, 532
2512, 2545
3825, 2644
639, 3157
1643, 4351
2502, 1577
2514, 463
3068, 4250
3426, 2230
1184, 1090
801, 1569
466, 2498
3972, 4758
269, 845
89, 4085
2770, 528
2530, 3567
3754, 3106
4565, 2771
2773, 381
4339, 3697
4311, 2420
203, 2964
2223, 1734
53, 4161
3227, 3032
1203, 3920
4399, 2844
2063, 2113
1633, 3948
1345, 4136
3354, 3201
1361, 3090
4213, 3084
937, 825
1892, 1069
106, 1786
4245, 1573
1278, 720
4795, 3389
704, 982
710, 174
4705, 4418
2354, 3497
3798, 549
2856, 875
3571, 2006
2498, 475
1409, 591
2431, 714
1341, 167
4201, 1716
4968, 62
3465, 3361
51, 4334
183, 1778
2356, 3994
3915, 1230
2912, 4775
190, 3987
1175, 706
278, 3887
1663, 4072
194, 3528
4049, 2548
1987, 2027
1607, 2854
3349, 870
738, 2008
3147, 2728
2029, 3782
1059, 3011
1395, 4066
4664, 617
2883, 285
936, 380
797, 3427
4407, 3629
2474, 2244
2322, 4642
2295, 4933
4844, 2481
3628, 481
2083, 2880
3699, 3538
4930, 2895
1520, 1190
1008, 4564
1407, 4587
2511, 2027
4009, 2073
855, 2727
2147, 4216
774, 4517
1378, 3658
1973, 1414
3698, 2403
2809, 4119
2657, 2178
3273, 1937
4068, 1729
4974, 3457
1486, 443
1511, 1513
2469, 3476
4131, 2051
4349, 4578
2393, 173
1366, 2728
1506, 3935
2643, 1447
3805, 3561
4278, 1881
1235, 1757
2721, 1311
2722, 614
242, 57
2310, 663
4934, 2293
4134, 4396
3190, 4416
3522, 3721
3397, 4920
2166, 1331
368, 4838
3493, 528
3575, 1387
4660, 1417
1668, 3257
1986, 659
3032, 533
244, 3285
649, 3725
2773, 851
818, 3637
4759, 724
1049, 1706
616, 2445
1756, 2959
3136, 3685
353, 4413
2773, 597
3979, 3699
2568, 3049
31, 2755
1771, 3783
3159, 4179
4577, 955
114, 762
4538, 1534
4511, 3151
4530, 1096
975, 4669
3459, 1906
2728, 4594
1417, 4132
4809, 3113
2817, 2808
2001, 4803
4996, 2499
239, 3851
2353, 4443
421, 1226
4602, 1774
515, 2417
1411, 3888
1459, 85
3272, 4533
4358, 1073
4004, 694
2763, 2666
3218, 3230
2242, 3639
4560, 3036
1221, 3520
2338, 1282
4823, 2367
1980, 93
1206, 2096
1379, 3160
2873, 2532
3206, 621
481, 4962
4859, 4231
2885, 1497
1474, 20
3722, 3288
2433, 3961
4995, 1988
271, 1406
1196, 2140
164, 1478
137, 1661
1572, 3754
348, 2037
4417, 1592
3221, 363
3629, 916
3511, 1801
2738, 2375
2995, 2665
3135, 1270
4683, 3990
2658, 434
4686, 3906
2237, 1093
4719, 4375
4031, 1942
2908, 2602
4113, 3461
4186, 2888
344, 18
4578, 4579
525, 1431
1283, 1646
2145, 4520
3430, 1121
3733, 4529
1982, 715
383, 109
4704, 3482
2365, 4540
245, 2063
3624, 3822
4213, 3571
1240, 1503
1649, 3512
158, 52
2054, 906
1323, 3817
3854, 358
1339, 3555
347, 4901
3512, 2472
2187, 4246
3670, 2343
655, 4821
1774, 348
1967, 2566
196, 340
24, 3927
4226, 4996
2585, 1363
3829, 2670
2616, 489
4227, 83
1102, 3714
1753, 4990
3308, 2019
1028, 1267
322, 1841
1523, 4127
4840, 4168
1356, 1436
4694, 2061
4516, 2675
1230, 2490
3892, 877
2068, 2729
4254, 617
2501, 415
2027, 4039
896, 912
659, 831
3195, 266
3076, 608
602, 2116
715, 943
4560, 4560
3421, 439
4464, 1899
4646, 936
1935, 1545
2312, 532
4405, 847
2489, 498
683, 49
3704, 678
3796, 2304
4281, 808
4333, 2361
692, 2388
946, 2011
935, 4848
776, 3062
2307, 3030
1780, 3701
3498, 2122
2197, 3891
4894, 3116
457, 4227
3326, 947
1915, 3571
3796, 2174
4387, 123
2717, 3968
1398, 314
4130, 2035
1411, 3341
4912, 3868
1175, 2901
2278, 1931
489, 4331
1170, 1151
2550, 2173
725, 3507
3500, 3372
4941, 3957
4418, 3732
211, 2867
1842, 4684
3478, 3994
3089, 2239
1489, 4460
2788, 4299
4860, 4207
2275, 351
1827, 2583
1902, 1256
3526, 4033
1749, 380
281, 4165
4022, 3090
244, 3106
3467, 894
4080, 3245
4458, 1019
3166, 1965
1047, 4657
3796, 543
858, 663
1402, 2643
450, 638
815, 990
4084, 1262
3891, 3212
4153, 1789
4527, 3953
2078, 4157
4089, 1857
161, 190
3030, 2148
2200, 1845
1562, 4279
4858, 2313
4285, 4554
603, 3198
1755, 2208
1231, 1846
763, 1411
2439, 65
2943, 3503
3536, 3053
2811, 740
26, 556
3434, 4130
4962, 3737
1693, 1922
1093, 2815
1265, 3735
763, 3162
2125, 3615
2268, 3350
4647, 4412
4027, 4986
1073, 1434
1496, 4756
1899, 231
2652, 697
2118, 2786
3122, 1345
1647, 3271
4632, 2904
1988, 4559
3827, 4638
782, 4786
3349, 1151
493, 1273
730, 1239
2886, 4670
382, 1897
1212, 3658
4784, 2642
3038, 3273
3170, 4647
3390, 539
1560, 811
1026, 4978
3604, 2616
3009, 4221
4985, 1168
2632, 2360
1716, 626
301, 2630
16, 1600
2359, 1159
12, 1424
1508, 2391
2778, 202
3716, 303
2127, 493
4276, 514
991, 363
2500, 4196
1123, 459
3102, 2645
1511, 3140
587, 3617
4921, 1387
3015, 3060
308, 4141
2146, 1429
4138, 4140
1399, 2915
2974, 4679
1069, 2775
3513, 300
477, 501
4376, 4147
3465, 3545
721, 3730
2896, 3485
693, 3128
1439, 808
1624, 1223
1918, 2173
4261, 1750
1689, 745
2637, 573
1397, 1163
2803, 1876
2210, 704
4586, 1842
3121, 894
1845, 1282
1708, 1635
1864, 2458
1451, 2022
2557, 2100
4018, 1349
1048, 604
3133, 466
4111, 1078
360, 4767
4868, 2590
3258, 2498
3851, 4128
1339, 1188
2941, 155
2017, 1094
3433, 4073
3768, 392
3675, 1299
121, 294
3550, 2323
4942, 1441
87, 2355
512, 300
1845, 3838
2625, 307
2641, 4632
2162, 4334
3587, 2095
1018, 3087
2302, 3649
4754, 2232
4605, 3521
1756, 4892
3139, 2249
2526, 443
2481, 3141
3938, 4772
4467, 3379
3137, 295
834, 1084
1063, 201
2242, 128
2571, 4092
2566, 1750
662, 1413
4482, 3126
1167, 2795
1339, 2487
4411, 1506
4712, 2563
2185, 629
502, 1338
3204, 156
2619, 3306
528, 3819
191, 4393
4558, 348
608, 41
2120, 2714
3074, 1653
2708, 3677
837, 882
200, 37
4681, 1117
1490, 1502
194, 3348
3260, 321
1390, 2833
2040, 2805
1935, 3159
536, 4035
2227, 2109
3478, 3014
3754, 2208
647, 1202
2940, 269
2824, 2313
860, 1466
2757, 3536
3881, 61
4819, 931
1988, 2794
2318, 4625
1937, 2237
2590, 2314
112, 4842
2219, 354
2023, 3239
1788, 1185
2261, 573
4782, 188
850, 225
1361, 4783
2283, 4689
515, 1877
3730, 3173
1821, 1384
1114, 442
2769, 4012
4547, 1644
1609, 875
3839, 1327
3183, 2356
4650, 1040
3908, 2296
3285, 1379
3255, 45
2363, 3628
1073, 4177
2078, 751
1398, 4263
1692, 755
417, 4417
3100, 877
1291, 1599
2127, 57
853, 3714
701, 1603
987, 4762
1915, 2020
3714, 3734
2167, 361
2580, 4708
559, 1516
3945, 2583
3045, 1680
4799, 4676
4907, 1562
1749, 2523
632, 2191
3400, 4200
3563, 1326
34, 935
636, 4963
4449, 4762
906, 706
4174, 4926
570, 3831
3158, 193
2766, 4663
827, 2411
3995, 381
3450, 87
1954, 490
1734, 3676
198, 2254
463, 722
4650, 1788
4942, 4895
4843, 3672
1340, 1646
87, 515
4129, 1771
3554, 1856
961, 2670
4914, 4063
4734, 1706
3110, 348
868, 1178
2218, 123
484, 1522
3785, 1430
3046, 1207
221, 200
1050, 401
4811, 1589
809, 1899
5000, 2377
3437, 3754
1073, 2475
728, 1551
4565, 3493
3475, 1336
3726, 357
780, 3818
971, 2936
3795, 1543
3508, 1864
2037, 3087
3537, 3521
518, 3526
3293, 1468
488, 2955
4297, 1745
2578, 3786
28, 2849
3659, 1195
758, 4504
3530, 1934
1781, 537
1822, 3962
1670, 1340
3217, 1603
860, 4869
3244, 2659
4922, 4113
3363, 3253
3320, 1964
2711, 1237
4896, 1519
2083, 3605
4915, 4109
3604, 4691
3463, 4247
2614, 3418
4419, 1412
2403, 1897
2414, 1998
801, 1572
2195, 1501
4229, 3119
2209, 3963
4246, 643
3296, 851
4906, 2361
3132, 1837
2927, 3282
2677, 3562
2756, 4904
1978, 989
4125, 1489
3402, 1599
1277, 3838
4594, 3495
839, 3367
1825, 1404
2306, 2815
1078, 3640
209, 3117
4395, 422
625, 3825
247, 145
2602, 3634
371, 605
787, 4489
1428, 4046
1148, 2500
4514, 3299
4083, 3848
2001, 3472
3235, 3011
2922, 783
1490, 4750
2165, 1761
3785, 2566
661, 3323
2625, 3322
3139, 4973
4245, 3011
3103, 3187
113, 4324
4696, 3137
1591, 2467
4902, 1103
2597, 3968
337, 3603
3007, 1077
4740, 3807
3038, 64
4383, 3911
4422, 4847
4684, 1977
3700, 4184
1884, 4198
4956, 4988
1033, 1204
3172, 741
4209, 4943
3088, 2651
4075, 2710
4729, 2267
2458, 1912
629, 3439
4905, 4261
3901, 3277
1196, 4488
2128, 772
2916, 3622
4919, 946
2448, 4008
167, 1859
1112, 3259
2206, 3662
752, 1233
3536, 258
4686, 1054
2946, 4783
1398, 3548
3800, 4119
904, 2770
2222, 4435
1719, 1413
4829, 2732
3296, 2480
3357, 2949
2109, 3278
1763, 4369
2276, 2688
4099, 487
3777, 4184
3264, 3506
3879, 564
2685, 510
371, 235
3511, 4335
4590, 4893
3377, 3589
1693, 3598
3443, 2885
2138, 2731
783, 318
2579, 184
2620, 2113
2644, 2717
4136, 3207
3933, 1479
2601, 4237
3357, 4898
1163, 4600
3270, 3220
1597, 2589
298, 4743
4162, 2343
4001, 2782
2959, 879
2790, 4135
3195, 2174
3566, 2096
3975, 121
2545, 2461
4527, 1990
1521, 252
722, 212
3720, 3694
1526, 28
2609, 4999
2463, 3925
1807, 3516
2279, 3859
3156, 261
3326, 4812
4094, 3615
822, 1859
40, 372
3844, 2209
2752, 1682
633, 2572
1562, 2258
612, 2223
2066, 4686
3811, 1706
969, 1824
2034, 341
2270, 3879
100, 3917
3207, 24
2667, 118
849, 2440
1071, 2939
98, 362
1516, 2197
474, 3961
4132, 718
1825, 3685
3636, 1921
3230, 3140
4749, 968
3179, 2202
4589, 4181
1657, 2053
575, 2448
3314, 400
1076, 4033
3313, 4131
3932, 3574
4122, 1647
539, 3209
4214, 3770
3455, 2257
1573, 783
3052, 426
1217, 549
1845, 3615
913, 3338
4485, 756
2208, 240
3364, 3053
3285, 3550
1561, 4777
334, 2059
1852, 4330
3618, 2889
3947, 2509
4721, 647
4430, 1626
2776, 3291
2802, 2482
1814, 2060
3050, 3091
4857, 2353
1976, 2020
457, 2758
1245, 4470
52, 1158
1588, 2094
736, 1259
4184, 277
2303, 902
2050, 153
1605, 300
1253, 830
4441, 1553
3804, 4717
4947, 69
4514, 1637
2775, 3971
1278, 3111
2714, 1294
4339, 2775
402, 3749
3059, 3138
3635, 4525
1537, 2735
3591, 3811
2652, 1725
4734, 997
803, 2172
1233, 352
2925, 4238
497, 2710
637, 2984
4565, 3285
3343, 3506
820, 4160
553, 1401
4051, 2789
2925, 2103
52, 4970
4657, 4909
2735, 1427
1653, 1906
1464, 782
4179, 4465
3029, 126
3458, 1026
3667, 1403
4188, 1652
453, 1243
4401, 4805
3433, 211
3496, 339
4557, 3534
381, 132
997, 3597
4479, 242
4045, 2330
496, 973
4305, 4502
653, 2313
2054, 2996
2474, 3824
2282, 2252
591, 4336
2049, 1657
2364, 1234
1352, 190
613, 4362
4609, 3430
4971, 1135
4597, 188
4470, 4442
513, 4095
4368, 3241
698, 3562
4694, 2367
2540, 3716
2132, 748
460, 3470
695, 1382
932, 2110
1243, 467
2372, 2192
4935, 3761
2219, 3501
2471, 3862
628, 2672
4972, 291
4730, 4059
937, 3320
1431, 3052
257, 1833
2322, 4901
3612, 793
2917, 1391
3148, 4579
2110, 1334
1238, 4242
859, 609
3977, 1659
4510, 4854
396, 2549
460, 1875
4529, 4655
213, 1249
2187, 4198
803, 2371
4867, 3660
2658, 1703
2892, 4577
3031, 2594
3251, 240
67, 2452
55, 155
4417, 2718
1144, 626
4179, 3279
2134, 3025
1369, 3232
4820, 2813
2878, 552
2804, 1985
1392, 4237
2521, 796
1570, 1686
1520, 1874
1680, 4017
3169, 3873
4638, 2580
4297, 425
823, 242
3654, 2857
531, 1407
4032, 4296
3361, 2936
2761, 1421
3628, 4791
1101, 824
996, 4350
2464, 4188
3941, 2805
850, 1082
1675, 922
2244, 2716
3729, 3193
2757, 3855
2618, 109
1686, 3253
4441, 3985
3511, 1014
3215, 3586
4350, 2094
1239, 2480
2426, 199
2044, 4944
1056, 1231
410, 3611
1738, 327
4808, 4380
506, 196
3028, 3295
1812, 3220
542, 2074
878, 4916
3276, 3110
3031, 2057
128, 4943
3252, 4293
4436, 3726
4263, 2177
3903, 2446
236, 1072
2888, 1323
2111, 354
76, 1456
744, 3006
3450, 1411
256, 902
1564, 4620
679, 3799
1280, 4866
3890, 4258
549, 2163
1211, 785
4370, 1296
1798, 4471
80, 765
4500, 1035
2725, 4553
1067, 2167
3750, 1861
1065, 4134
3970, 2549
1424, 4499
2677, 3727
1135, 4344
4465, 1789
567, 3794
915, 3029
2018, 566
3329, 1174
2399, 4572
2969, 3062
2966, 2150
2714, 1212
4600, 1374
1537, 3820
1476, 2210
3451, 3834
1487, 4517
3074, 341
1474, 4859
1144, 1018
3668, 2776
4107, 985
3972, 3231
3505, 3338
1893, 3019
3850, 4082
4863, 4465
613, 3801
1139, 1962
4914, 2524
2614, 101
1101, 2249
2361, 3911
1884, 4581
4045, 2840
435, 2398
2472, 1821
2394, 1741
2022, 592
2246, 3116
717, 2077
1223, 4260
331, 35
3867, 798
1764, 4024
1139, 1782
273, 3272
2218, 830
2968, 478
4815, 406
4261, 331
2964, 3649
1322, 3657
4275, 1784
1999, 1307
837, 1466
978, 1106
1512, 289
1195, 4445
466, 3498
3208, 887
4759, 225
3248, 891
688, 4755
4403, 3292
3604, 555
4427, 3317
1689, 2151
1859, 2313
2715, 574
3732, 181
716, 4176
1226, 4716
4596, 1238
4008, 2091
1691, 4376
2559, 1365
4268, 4737
2554, 2658
597, 44
1953, 4871
4809, 2455
1519, 344
2191, 718
4345, 2098
3258, 3149
3779, 3071
3160, 2189
3289, 3180
1942, 590
2113, 1996
3542, 3560
1186, 330
4303, 4323
2453, 2565
3929, 1948
4385, 3748
2480, 2515
3485, 3709
1937, 4249
3861, 4313
236, 2215
1874, 4891
4052, 4158
2436, 2710
3630, 1140
1761, 3218
3046, 4875
4039, 603
2452, 1384
3790, 258
3614, 81
3995, 4787
213, 1692
461, 1447
641, 3372
1328, 4283
1797, 1795
4052, 3561
1926, 3362
2419, 1741
5, 170
1798, 4984
4856, 4124
4745, 2408
371, 4091
4259, 4000
655, 2648
2380, 1997
1930, 4617
1235, 2283
1201, 2637
1723, 4366
4522, 505
1913, 1288
3753, 3980
864, 128
435, 2554
392, 377
4987, 4246
306, 4742
654, 720
2887, 2434
4286, 1720
4701, 4841
2838, 2562
2423, 1022
3691, 2719
971, 979
1113, 1369
1810, 4655
2962, 1877
4249, 1849
2005, 1751
1271, 3516
2568, 1157
4156, 4392
3095, 3850
2489, 1380
545, 619
1175, 4838
2580, 1237
1470, 4777
894, 936
2582, 169
1775, 231
4138, 1907
2993, 4113
4483, 4816
4538, 3974
4190, 3811
278, 289
365, 3250
1107, 779
4905, 1125
1579, 2070
791, 2961
1468, 354
1250, 399
1208, 263
4527, 576
2653, 4296
3605, 3429
4356, 3640
3303, 4016
2842, 13
707, 56
2854, 2718
3443, 559
787, 4672
4758, 3440
4820, 1288
1464, 4661
1391, 3407
4747, 1950
747, 3523
3528, 4707
1148, 4674
2545, 876
3065, 1034
2138, 1281
3610, 2313
2772, 2
2288, 3801
811, 3866
1413, 628
1348, 3370
1842, 3599
4715, 1115
3542, 4364
1393, 2963
358, 770
2370, 2862
4698, 4947
2483, 458
4596, 1218
2978, 3206
2910, 4303
4675, 1732
4892, 811
305, 4103
4356, 2085
2084, 3602
1690, 3478
4611, 4015
3946, 4289
817, 2922
2202, 4442
2136, 243
3932, 4172
859, 1797
4046, 2648
2262, 737
4476, 1670
873, 3930
3679, 3233
142, 107
3943, 1042
796, 1053
974, 3164
3348, 132
4774, 3510
4620, 1157
4114, 3208
3472, 911
1807, 1330
2807, 9
697, 1596
3685, 147
4693, 4561
1485, 3406
2434, 4863
821, 2945
1087, 2214
2536, 4665
4247, 2574
529, 512
2375, 54
4090, 1605
1452, 4325
932, 2138
743, 741
910, 1913
757, 2725
3957, 2825
4408, 539
2405, 336
1873, 4445
1020, 2505
2456, 1963
410, 1074
1681, 1125
3367, 975
1773, 1350
2548, 3715
1443, 9
4253, 705
3712, 263
2269, 3883
4843, 2367
3368, 4456
4395, 403
678, 3856
1434, 465
1940, 916
1248, 4993
4086, 3412
774, 765
848, 4400
908, 3505
4629, 3505
3314, 3301
3914, 4236
141, 4014
1661, 162
2360, 3227
4206, 1721
1529, 4618
1097, 1061
2866, 1364
236, 997
4857, 106
504, 1690
803, 2073
2225, 3734
2847, 2322
4888, 2378
4151, 4535
882, 1175
224, 3024
2614, 1696
1967, 375
3526, 4707
2527, 319
4610, 2157
2193, 1399
332, 4044
1850, 1204
2995, 1757
3485, 3215
4985, 3418
2046, 960
4101, 1577
4318, 2540
3705, 2827
2441, 2210
1514, 1305
1491, 4276
4398, 172
2531, 616
934, 2118
2167, 3075
732, 318
3702, 1735
3559, 4055
756, 2892
2274, 1577
2796, 2479
4536, 1653
393, 1418
3438, 2875
2812, 319
836, 141
3691, 3451
1776, 2750
1123, 1199
3299, 4894
1331, 1561
1839, 1804
2893, 3664
2818, 1115
751, 3151
725, 3545
2856, 3309
193, 1446
4780, 3709
2744, 0
9, 2954
2976, 2786
308, 4076
3638, 3779
1246, 3357
446, 398
2652, 4365
3303, 595
2867, 2645
3171, 63
2248, 1785
4220, 71
2164, 4881
2841, 3141
2509, 1339
203, 2388
1756, 2977
155, 4090
338, 3558
1831, 2444
488, 2174
4641, 555
2936, 29
3136, 2159
1761, 2926
986, 2508
4502, 4935
3306, 4944
1065, 1094
2972, 762
4189, 3287
1469, 1237
2202, 3323
136, 3541
3176, 3981
4220, 1043
1400, 207
4099, 1663
701, 2490
3576, 1744
2624, 1942
1980, 3066
4047, 3042
3061, 1505
320, 4608
2717, 3063
504, 2394
3655, 4646
841, 3786
2045, 1197
2460, 989
3879, 570
189, 4755
1568, 2192
2410, 1880
1506, 1096
78, 175
603, 635
1068, 4668
3888, 2875
4498, 1986
4014, 695
4800, 3711
157, 3629
3544, 833
694, 4166
1152, 2104
202, 3062
1781, 2107
4707, 2984
3375, 1599
2411, 3579
870, 3652
484, 211
1119, 769
2043, 1099
673, 2111
3650, 4890
2054, 15
2520, 3036
1568, 2232
4861, 1340
4173, 4316
3866, 4193
1697, 4
2361, 652
3044, 2665
2726, 10
3925, 2431
4328, 3672
1312, 3574
1332, 1688
4455, 4838
1884, 4355
2974, 3559
183, 2110
846, 2412
3402, 2986
829, 1282
3964, 745
1822, 3800
4879, 956
3877, 583
1423, 124
4124, 2688
2506, 1186
2933, 4214
4607, 4438
2696, 4402
3460, 4120
2269, 2879
909, 1275
3487, 1379
1018, 3446
1093, 126
1316, 3961
1507, 2621
2676, 859
690, 1318
2756, 472
812, 1731
1688, 2088
1683, 301
1578, 72
4849, 2271
2593, 4237
521, 1285
4814, 2414
4152, 3754
3834, 3436
3729, 524
2138, 4304
1372, 99
1896, 1613
4312, 2218
4373, 2490
3586, 1057
4452, 2074
22, 2271
4550, 2025
4462, 4632
2349, 3346
2045, 3498
4954, 3777
993, 907
3618, 2330
2698, 1805
131, 4352
1295, 3217
1538, 2824
1335, 785
4586, 101
3574, 2393
2973, 2710
3974, 2504
396, 3079
1674, 2151
4677, 4565
4153, 1634
2463, 4958
4139, 3572
395, 849
1298, 2849
906, 2124
3278, 4082
899, 2486
1927, 4566
3124, 598
628, 4488
2753, 778
4083, 552
4084, 3066
2516, 4936
3750, 1314
983, 2448
4485, 3386
4559, 1867
3140, 2862
3214, 1345
3447, 597
3184, 4632
1087, 2022
3779, 1254
2997, 1424
1667, 4669
1075, 1888
4332, 1849
2699, 2059
3183, 3597
215, 4860
4536, 2612
1018, 2305
1846, 4034
3709, 1023
4608, 440
3022, 4179
1925, 3735
3001, 1372
4980, 1736
4193, 1839
1258, 1431
3448, 4496
427, 2707
2269, 1065
2757, 4858
625, 2148
4212, 219
1829, 3487
100, 843
2653, 1057
3074, 3596
387, 4362
2112, 4504
3389, 4383
1303, 4141
748, 4156
3491, 1169
542, 3511
4693, 874
45, 1782
1013, 1077
1824, 1742
69, 964
2727, 3081
3002, 799
4343, 1430
3574, 3468
4649, 3303
1302, 4708
2038, 4728
4765, 2980
3124, 3343
3731, 2520
3378, 4688
3811, 4432
1562, 3630
1027, 4950
3927, 2219
1513, 3478
175, 2407
3099, 1359
4337, 3354
2121, 3598
1405, 906
347, 4122
3627, 2726
2617, 4254
1095, 1045
4027, 3329
4075, 279
4934, 4147
4427, 2871
2554, 1155
1738, 3198
2173, 1737
2164, 885
4018, 2196
708, 3886
714, 4587
35, 200
2968, 3706
3553, 1015
4395, 4470
4234, 3770
1920, 1708
505, 172
3310, 3005
4666, 1727
2120, 2010
3155, 214
4706, 3318
4101, 875
60, 2237
699, 1259
1134, 2389
2501, 524
2197, 2428
2873, 1275
4452, 3909
2221, 3240
4797, 3034
982, 4992
4942, 2798
2901, 733
4131, 3199
3986, 1157
196, 3251
4799, 2588
909, 4314
798, 1226
459, 2164
2852, 1367
807, 77
3379, 322
1303, 4536
4084, 652
783, 4242
2525, 2864
785, 531
4934, 2070
4582, 3817
2289, 718
752, 1635
167, 4040
2477, 1047
3995, 1391
2730, 2298
920, 4236
4033, 495
3687, 182
3503, 2804
3855, 3379
1660, 3339
1200, 4915
4747, 4041
3783, 2997
1315, 4715
1828, 927
4828, 2407
1111, 2136
1543, 4328
2963, 3627
4160, 26
1637, 3133
3973, 3967
2615, 3854
1996, 3329
351, 1117
2936, 1126
993, 359
579, 2979
101, 4052
2994, 2561
3722, 4644
148, 2800
4051, 1910
3593, 633
1322, 2134
46, 4033
4424, 735
2658, 4597
1089, 514
4908, 2529
2364, 1504
3729, 3158
3615, 1834
802, 691
2715, 4476
2737, 468
2112, 325
819, 1405
1096, 2528
4565, 2447
3342, 3661
4531, 3746
3001, 2552
3177, 1327
4039, 4779
4049, 3210
2209, 2103
3256, 889
1897, 604
4935, 753
1957, 3255
1187, 1386
1510, 2908
251, 2087
1978, 763
755, 595
277, 264
4978, 2028
3799, 3264
3393, 1068
4361, 3064
4581, 3503
433, 152
4580, 4764
2420, 3379
1726, 1501
318, 1326
1134, 1238
2509, 2413
3072, 3800
4085, 755
119, 3530
4302, 1487
3525, 1842
2565, 1757
2207, 3404
3294, 3561
4587, 4960
1741, 4794
4219, 383
2450, 300
4536, 923
3637, 974
796, 3003
3765, 1
3575, 3916
2689, 1796
2152, 4543
4209, 2651
744, 3067
3334, 738
480, 498
3517, 4173
3171, 3091
2444, 1135
3120, 3847
2261, 4583
1854, 2741
493, 1958
354, 2509
2003, 1760
2940, 1828
710, 3198
1096, 2966
2166, 2046
515, 3912
2800, 173
390, 2071
4324, 3939
3049, 3446
3837, 3753
3844, 344
1896, 4253
1464, 929
3504, 2918
3214, 1449
1364, 2635
1628, 2056
4037, 3871
4844, 3167
3718, 4299
4030, 1638
2517, 3802
691, 3503
898, 2021
2565, 382
3054, 4339
389, 3992
3374, 234
2487, 1639
185, 927
3318, 1905
1136, 2477
2390, 3585
4758, 2674
4497, 953
2908, 3881
800, 3786
4599, 2069
3478, 651
3655, 427
671, 2465
1279, 2048
2982, 2068
4137, 182
2393, 3094
2837, 2566
2406, 3635
2670, 686
2871, 3623
2443, 2761
3361, 2430
4108, 3059
3088, 1864
20, 1139
3226, 920
424, 3336
4808, 1352
38, 2762
2797, 3313
1242, 3109
566, 1401
4873, 1798
2029, 4904
260, 2923
1392, 2370
4170, 4549
4684, 597
4004, 4447
889, 4329
2684, 2324
2664, 780
3713, 3370
3152, 2040
2812, 2064
4533, 4466
1208, 4718
3052, 240
2162, 988
3269, 4043
1186, 2991
1744, 4550
266, 3433
176, 3256
2878, 4224
4501, 2910
1097, 2509
1310, 748
763, 3813
1098, 4708
4765, 677
3755, 87
2874, 2136
3902, 4957
4880, 4649
1457, 2999
4742, 53
1307, 2395
3670, 957
4125, 4353
2476, 4605
973, 3051
1053, 3344
4708, 87
1501, 1958
966, 4071
4980, 2071
3346, 2828
1483, 34
4736, 4025
2243, 2561
1683, 2210
4873, 1881
2855, 3149
1458, 1867
1031, 2396
212, 2537
4910, 3110
4997, 2121
1987, 1939
4631, 2539
3974, 2998
2879, 4621
22, 2424
4028, 1095
468, 3455
4384, 4019
4776, 1360
2729, 4937
3559, 74
2653, 1464
149, 1280
2498, 1727
1891, 3070
4834, 1846
2747, 3646
2614, 3204
409, 1938
3434, 1161
4936, 41
238, 3925
2831, 3120
493, 1077
3742, 1315
3001, 738
4544, 1490
4621, 3195
2829, 1524
4327, 1254
3837, 1557
4867, 685
1846, 851
243, 4654
1187, 4623
52, 4043
1410, 3971
510, 898
1162, 1494
3110, 4473
2040, 2572
2144, 2879
3335, 2519
4063, 1817
3723, 1266
3822, 4266
4484, 506
3022, 4211
2759, 4427
3097, 2647
2036, 893
668, 2885
3427, 1513
1388, 481
828, 102
1194, 4087
1442, 1502
2868, 2426
4155, 2811
4671, 4127
1617, 1377
2511, 475
852, 3732
110, 4059
576, 4166
3136, 2074
4592, 1009
3895, 2197
164, 4730
2512, 710
157, 3144
1309, 499
4710, 185
4192, 3765
2237, 1597
3771, 3500
3493, 846
946, 2148
3987, 1624
1233, 1613
2801, 2520
2199, 4607
3177, 3692
192, 3742
148, 2415
1500, 480
2884, 2075
3674, 271
53, 3883
2323, 3167
4532, 4647
1390, 3253
1852, 140
1414, 2475
3569, 1439
2473, 388
4680, 168
3214, 1673
850, 2873
3587, 2902
1669, 1471
626, 2723
4840, 3976
4566, 2702
866, 4413
1708, 2108
4534, 3393
492, 2539
3145, 2738
4606, 46
2486, 561
2123, 455
4447, 2401
346, 252
2409, 1451
3708, 1821
873, 1493
4003, 2770
3212, 2094
4524, 2777
4865, 1695
1252, 3384
2195, 4364
1835, 890
1098, 825
3445, 517
984, 1883
600, 667
4063, 1488
1871, 2361
4347, 486
4193, 2388
2131, 2073
1956, 2694
3174, 4487
1325, 4516
348, 387
1926, 3443
817, 125
2127, 1759
771, 3004
3780, 3244
4414, 1804
628, 2418
2302, 1265
2964, 844
3071, 3377
2904, 924
4658, 2540
2228, 2562
4529, 2336
1567, 868
244, 2331
1702, 692
3628, 3308
1956, 1709
231, 2477
1419, 755
398, 4617
694, 1300
1893, 2536
2468, 225
4735, 672
2553, 4062
2036, 4789
4200, 3545
917, 2435
3476, 3911
3186, 4460
2641, 4446
635, 1686
3563, 1776
1805, 2468
3647, 3948
2077, 1100
2219, 2094
15, 1319
2351, 40
1514, 3239
1511, 4359
3802, 2219
2444, 4598
2071, 1384
211, 3442
4456, 582
2914, 3352
451, 4898
2905, 965
2463, 1216
3869, 2884
2107, 3252
3393, 3229
2282, 1829
3202, 4618
356, 4703
1976, 4958
4080, 3172
3068, 975
1772, 2490
2691, 457
3253, 756
2753, 1329
1517, 3982
543, 4966
2313, 583
1874, 2825
2536, 4595
1732, 2469
3040, 933
3771, 114
674, 4301
4911, 4671
2686, 4750
2105, 1217
2202, 3117
1159, 376
1254, 1276
2197, 588
2008, 3157
2171, 4142
4375, 571
2279, 2158
1538, 922
381, 3977
1009, 159
1504, 4704
4525, 2256
947, 4149
162, 1503
3940, 3299
579, 1518
1976, 1561
3129, 4277
2574, 2006
3269, 3667
549, 4258
3765, 1189
2077, 4486
3600, 142
711, 431
544, 2506
1532, 4781
2203, 3860
1558, 3540
4310, 206
277, 3084
3617, 2432
3813, 1540
4848, 1257
2490, 653
1691, 4208
3028, 1827
3425, 3384
2646, 2085
4395, 1308
2981, 1270
4449, 2768
852, 2198
3932, 2215
4995, 2626
4033, 2921
2380, 4379
18, 1592
4925, 3787
3368, 1905
602, 3251
2022, 4002
2081, 2632
3649, 1598
25, 515
3413, 4149
2272, 3623
535, 539
777, 735
3780, 2279
2970, 2038
4137, 4045
3407, 466
1907, 2254
2981, 3700
4025, 3663
4048, 4240
2403, 4889
3243, 3488
1358, 4338
4277, 3671
1081, 584
929, 1548
3080, 4755
1323, 3070
4641, 2287
4342, 1149
1538, 3730
2893, 4315
4610, 3251
2894, 4807
2761, 4241
3927, 341
3675, 2733
2645, 3795
4932, 1527
3603, 861
3507, 1158
4197, 1299
3098, 341
4566, 3771
195, 3833
1387, 3036
4949, 2966
2485, 3815
831, 3976
649, 733
1417, 2050
1338, 735
4034, 3793
3753, 3638
2640, 2458
3018, 495
913, 2189
473, 1212
3720, 3721
548, 2909
2248, 2916
2967, 1383
316, 507
1101, 2501
4715, 4386
2368, 4247
2305, 432
3457, 1339
595, 1569
3367, 928
2120, 4414
2518, 966
3653, 4303
2524, 1193
4616, 185
3769, 3875
3602, 1727
2207, 3714
1382, 55
4581, 2397
892, 3071
234, 2874
4936, 819
1627, 2958
1958, 392
2376, 3487
3301, 166
3767, 3783
3196, 792
1389, 3913
889, 4729
1904, 1207
1271, 312
4169, 4422
379, 3547
1240, 3224
986, 2619
4558, 4912
203, 3443
1868, 849
3890, 2555
830, 1091
4047, 4298
4627, 3027
2314, 4434
2064, 3930
3242, 382
736, 3469
4783, 3195
3370, 2522
3138, 2488
1487, 3506
1128, 1140
1636, 1410
1793, 4923
608, 4054
3340, 1341
1947, 4917
4310, 322
3324, 1321
335, 1406
2523, 479
3751, 1954
4388, 764
4776, 927
2464, 3663
3003, 279
3429, 3605
3186, 4137
246, 2371
3989, 493
3259, 3831
3832, 2792
4025, 870
1360, 4485
3130, 3824
2993, 1172
2932, 745
3604, 490
1519, 4429
886, 4594
4960, 4801
2874, 10
4100, 3052
3729, 4091
2374, 3086
1594, 722
293, 1419
26, 583
2628, 2451
2627, 646
2915, 4054
2061, 2472
111, 12
1632, 1014
4818, 3248
1784, 623
4482, 2760
1522, 1836
3767, 2484
854, 619
3538, 1253
2573, 4682
4824, 3756
1521, 4617
3390, 4799
1501, 3040
490, 4084
719, 4305
162, 4533
2632, 3762
3251, 1799
493, 4118
3577, 3027
3426, 2955
2335, 2929
428, 72
4865, 866
1191, 1362
2738, 1922
936, 1699
3803, 4139
3025, 2256
1248, 2061
3976, 4668
2538, 2043
1132, 4402
893, 3050
4557, 4168
1789, 1095
2577, 258
1114, 4841
2514, 877
4967, 2921
4505, 3869
2475, 1722
3092, 2678
3813, 3865
1661, 2637
1512, 2164
3675, 2285
955, 4728
211, 311
796, 4359
1272, 1659
344, 526
4478, 3762
4078, 2837
761, 1855
4507, 4112
3475, 1655
462, 2529
1582, 659
3458, 4420
3682, 1812
4278, 498
4382, 1437
2203, 1719
802, 1969
756, 1617
2288, 948
1032, 3332
3084, 2793
2007, 634
2736, 1502
1397, 1225
4033, 1371
1865, 4168
4630, 2611
3004, 732
1859, 2089
4909, 2450
2564, 1016
1867, 3551
4758, 4687
2562, 415
4179, 3858
3108, 2923
313, 346
342, 556
2772, 4139
3438, 4635
1269, 3530
1697, 4171
1680, 4318
1713, 2414
244, 3418
2755, 1779
3917, 1919
1496, 3657
2806, 1692
4902, 2644
4008, 959
1780, 4848
3213, 955
2545, 2216
1557, 1343
4147, 4611
207, 973
223, 3915
588, 2673
1109, 3765
3658, 137
658, 2967
685, 2744
1707, 403
2691, 343
2371, 4905
3404, 1302
871, 3041
1660, 3619
2139, 4169
3588, 4807
1938, 4053
3364, 61
954, 3054
833, 3761
327, 4032
2156, 3006
2885, 1830
2075, 533
3443, 1147
38, 2460
3577, 177
2581, 4298
2743, 3777
3767, 4826
4789, 3506
4575, 3868
4262, 4700
2018, 2539
2166, 965
4528, 3438
2878, 3544
4411, 895
696, 3817
4987, 3742
2770, 1254
2453, 3080
2232, 1409
4314, 133
4837, 2983
190, 197
4591, 3582
4801, 3203
2938, 2418
1618, 1367
2491, 3814
4329, 3312
3038, 3791
3235, 2085
1732, 4796
534, 883
4716, 3607
1686, 3093
3194, 4588
2509, 4695
102, 4218
3595, 891
2425, 4960
358, 3502
3714, 3207
694, 2454
1100, 4198
2774, 3846
3597, 2353
4532, 102
1287, 981
86, 1472
4771, 3447
3656, 2680
592, 4655
844, 4298
3119, 4367
4357, 1639
733, 3330
3836, 4916
516, 1169
2800, 2136
4070, 453
2356, 4298
3887, 2397
721, 4488
1765, 272
180, 4987
3600, 1475
2144, 2121
3031, 4167
423, 1607
3798, 2208
4296, 3078
4369, 3941
2493, 4452
2746, 2661
1878, 3643
1535, 3966
1548, 4136
2635, 1265
34, 2764
2873, 3661
4430, 2585
1687, 3465
1707, 4050
190, 1421
4416, 1831
3051, 984
3475, 3160
4487, 3078
1762, 2930
512, 4001
2784, 1347
4287, 966
3926, 2635
767, 89
2939, 2794
4854, 3390
228, 239
2098, 4631
179, 575
1158, 4791
185, 4285
2288, 2907
2468, 2699
4915, 2840
4267, 1120
1338, 3592
4824, 1404
1614, 3592
4911, 3856
3876, 3073
4548, 3622
3267, 3784
2216, 585
1666, 3406
1165, 4421
3942, 2391
3788, 1215
96, 851
3370, 4829
3494, 4026
3458, 1261
4728, 3817
3341, 914
2397, 568
1228, 3139
138, 4227
2631, 2695
1777, 3130
3686, 2371
2258, 2543
2909, 3209
4992, 1563
4541, 1131
3475, 4674
3015, 2981
651, 4779
2098, 2404
3718, 2139
4464, 3853
1956, 2255
1536, 2416
1697, 3460
1357, 2112
3332, 179
4076, 3589
338, 2723
2761, 4856
1062, 1531
1431, 3195
4116, 1157
3195, 4006
2284, 2207
2735, 332
1415, 4752
4432, 1443
3242, 1875
815, 2119
966, 2061
1830, 535
3545, 3511
2631, 4033
2962, 4065
1045, 2760
1702, 3116
2036, 1213
3048, 1554
1817, 2283
2788, 1070
4044, 2745
2473, 2350
2735, 4266
3850, 2848
2592, 3450
184, 3197
4820, 3038
2313, 2817
4913, 1596
4879, 1970
4442, 3544
4293, 2922
1763, 3804
3582, 1978
1913, 4509
4728, 4764
2587, 1522
4772, 2847
4191, 4239
1502, 3016
1170, 4678
567, 3542
380, 1179
3839, 659
4963, 2329
377, 3117
3456, 4986
2665, 4554
2576, 2203
1802, 2615
4143, 2706
2590, 1414
1968, 3483
2158, 3479
1310, 993
1176, 2974
3176, 67
2834, 4721
4729, 1930
1596, 2666
647, 3859
3156, 2552
3445, 2833
104, 528
3007, 404
2765, 3081
4037, 2296
2939, 795
1004, 841
2279, 690
2758, 2574
3895, 2276
2740, 2933
2576, 3550
502, 1169
2463, 4793
1, 3301
2949, 631
1069, 871
2595, 2002
3262, 3278
879, 4570
3893, 3684
1508, 1084
4362, 3664
1242, 1853
3614, 2374
2955, 2650
252, 3437
904, 2616
3185, 1725
3997, 262
4350, 1827
474, 1653
3500, 2132
4923, 3401
3745, 3221
3635, 1679
4703, 516
997, 1282
3208, 2568
4480, 1784
3657, 2009
4655, 2450
3986, 4678
4150, 2711
3928, 3364
1192, 1235
4883, 1614
1952, 516
300, 2889
1420, 3390
1841, 2932
4885, 77
1523, 2557
1231, 1188
2000, 4028
4268, 4805
2673, 1705
2072, 1882
3869, 3194
3526, 479
3164, 2758
56, 1234
568, 3752
144, 3074
2911, 714
1502, 3552
796, 4833
1650, 2448
2326, 1419
4734, 3141
1017, 1376
3055, 4543
4847, 3574
3734, 2126
4887, 4881
218, 3272
4445, 725
4215, 3426
3705, 1273
4366, 3322
3306, 162
2617, 3183
4062, 4350
3436, 2747
4642, 1585
1189, 1392
3399, 2745
3995, 3058
490, 1989
2733, 46
2008, 4982
431, 4857
3879, 1697
987, 2228
4743, 4191
3234, 3370
1794, 4206
2984, 677
2903, 2490
1417, 3596
2715, 2944
737, 4888
1148, 1708
549, 4185
4254, 1372
303, 4224
4677, 1278
375, 616
2828, 4955
3049, 4969
971, 302
4034, 4688
431, 1148
2847, 152
2687, 1981
4443, 3938
3748, 3505
1153, 2684
2713, 3662
4637, 4173
1232, 1363
4804, 2083
146, 3194
4131, 2913
4414, 422
2218, 689
4718, 2741
2259, 1854
3059, 492
774, 1185
4754, 4957
4972, 866
2570, 2345
2810, 2174
820, 1609
3351, 4104
408, 285
2977, 3056
4581, 4794
483, 2549
2766, 3148
356, 1339
2561, 4341
3171, 1236
1524, 523
1325, 3025
46, 3842
180, 437
3650, 1500
3177, 761
2215, 2107
904, 4510
1270, 1366
10, 4441
3420, 1976
3881, 3315
1396, 4401
3343, 886
830, 4670
2864, 568
95, 4557
4514, 1997
3410, 3203
73, 2106
3987, 3477
108, 3640
181, 316
871, 4980
4366, 1704
3322, 4819
53, 280
3175, 3102
1782, 246
2166, 3545
3529, 2616
3993, 4288
4818, 1480
4767, 1128
1695, 2690
460, 3376
206, 4501
4363, 1567
856, 101
2451, 1298
1573, 1360
3992, 3463
2325, 2566
3758, 2854
354, 3102
3329, 232
3945, 4904
2206, 4861
4493, 37
569, 192
3213, 740
1409, 157
3316, 322
3051, 1090
800, 4297
4905, 584
601, 4854
449, 574
3181, 1897
4201, 977
1144, 3716
3451, 3008
4812, 3025
1755, 3678
2277, 4210
3394, 2827
339, 2337
2474, 3119
510, 4416
3838, 1550
368, 3956
4422, 2706
3474, 2885
1767, 879
754, 4465
4688, 1568
4861, 4008
464, 3298
4759, 3734
808, 2497
4820, 3273
4212, 4836
407, 785
4160, 3883
4234, 4520
2842, 157
3932, 2684
4466, 2288
2077, 2712
3866, 1810
2789, 4307
1154, 3523
1587, 4537
4424, 2375
3154, 4776
3245, 3977
1945, 4729
3813, 4153
2825, 4320
3479, 1929
2558, 999
3719, 410
1581, 3073
2608, 2213
325, 2592
301, 2534
2508, 1434
2024, 4212
3317, 3445
7, 3372
3126, 3139
1278, 3316
2434, 1446
4700, 3135
1513, 4086
3372, 3860
987, 1085
853, 476
4253, 223
2446, 2595
1919, 2686
987, 4683
708, 3919
2692, 220
4042, 1267
2372, 3157
3116, 3823
4600, 785
3695, 3200
1316, 1691
4342, 67
2291, 2099
4106, 3714
1501, 3686
4603, 1736
2110, 2127
3766, 2123
2777, 2447
2494, 4316
1250, 2061
968, 1752
3828, 2436
4420, 4167
1140, 1596
2592, 2482
447, 482
1973, 1542
1325, 3808
669, 1201
2968, 2799
1572, 4385
3955, 4338
2175, 1007
2738, 966
4623, 4472
3018, 3293
4541, 2525
2305, 3929
4793, 3415
3183, 2430
4649, 198
4699, 2832
4238, 106
3819, 1152
864, 4477
2325, 3544
950, 1234
501, 2473
2211, 4460
4908, 3281
316, 1549
1611, 2083
2937, 4132
4397, 3424
1004, 2201
471, 2953
2302, 4269
1981, 779
4549, 4312
1960, 3463
2694, 1589
3763, 3498
4176, 34
1799, 3694
146, 2152
3000, 1977
250, 2001
4788, 1193
1737, 475
1457, 3762
749, 677
1423, 2360
720, 4569
1481, 364
647, 3541
4599, 2495
3244, 4403
1857, 4722
2774, 2290
3602, 790
4706, 2493
1257, 4840
4938, 1046
3486, 4211
4372, 4954
4618, 2347
2110, 4263
4897, 2750
3338, 441
668, 2541
4389, 2802
339, 4409
3849, 862
4601, 4436
3087, 535
3860, 3943
3835, 4395
79, 1823
3697, 396
1446, 3066
1029, 156
3078, 2202
28, 3920
2716, 1993
1262, 1786
3488, 2820
1681, 659
4359, 611
2705, 3010
484, 755
600, 2787
4173, 3738
3265, 1529
371, 2961
2904, 2873
4682, 3888
4214, 3814
1298, 1343
1723, 2250
362, 4307
4773, 4320
873, 3458
3459, 3956
3363, 3586
4308, 428
325, 2660
3302, 2871
3535, 4592
825, 605
745, 921
529, 3735
4514, 3157
1597, 1962
932, 3532
3350, 1481
2112, 776
3971, 448
3229, 1234
3268, 1934
2421, 4162
1508, 1350
4879, 1679
527, 4258
737, 2152
1197, 370
89, 2337
939, 3716
857, 3842
2471, 467
2277, 4151
4575, 2380
1781, 4258
4986, 3951
2991, 2438
4142, 2339
459, 1137
3419, 3146
148, 1639
2598, 960
3187, 756
2117, 4213
12, 1371
2494, 4448
3620, 690
337, 69
3205, 2515
3903, 4473
2686, 4562
2173, 2847
4088, 2873
3289, 4341
1260, 1867
4002, 1833
1349, 4691
340, 2688
2434, 599
942, 2103
811, 492
1689, 4718
3826, 2480
2099, 3133
1238, 2442
4661, 3999
3395, 290
2168, 124
2878, 4725
1807, 2886
3162, 4104
931, 4538
1544, 2836
4566, 2597
4086, 1128
58, 2499
1219, 3045
2122, 4469
4302, 4670
41, 622
4790, 1863
131, 3475
4458, 3452
251, 486
1797, 341
1205, 2317
4957, 4367
4310, 3634
1250, 3556
3182, 4923
3216, 4014
3498, 3177
1311, 2484
4681, 4685
3921, 1770
4372, 1807
2805, 2643
4779, 1174
3342, 1548
2371, 4392
1085, 1467
2246, 1481
3569, 537
2725, 4367
4112, 4063
3018, 4144
4835, 2890
4372, 1200
4761, 2150
3537, 2654
342, 700
415, 1258
2154, 3880
4957, 2093
3383, 3439
2597, 1257
4166, 4055
181, 2362
193, 3679
2985, 1834
1807, 4453
4208, 2963
3273, 1288
3147, 2004
4036, 3531
2556, 3194
2990, 4804
1119, 1261
2619, 4796
1959, 4761
4533, 3629
1778, 3963
3993, 1803
1524, 2646
878, 578
1999, 2051
134, 2673
1474, 4240
553, 3175
2029, 4746
657, 844
3707, 4648
2503, 2115
3410, 1755
750, 2874
4726, 1044
2770, 4048
2375, 3520
4724, 1852
2069, 906
474, 143
1631, 1534
2702, 479
3411, 1013
1565, 1587
1446, 3272
1376, 3380
1390, 422
1194, 4590
1418, 4052
1257, 586
3880, 2869
964, 2626
1717, 3798
2789, 1141
764, 4682
909, 4289
4180, 3483
4448, 54
4938, 3609
140, 3221
51, 2195
2207, 1724
221, 2576
1502, 711
1321, 1085
439, 1634
3568, 3757
3176, 1519
3523, 1642
3844, 2623
3278, 1574
1679, 1348
4453, 680
3178, 4798
2011, 1
2184, 4388
1845, 4758
1518, 1250
811, 1078
1185, 2820
704, 2955
1709, 1919
2945, 2203
2328, 1961
4210, 4690
3073, 588
4939, 940
3251, 1484
1703, 3175
4717, 1560
884, 2047
4643, 2265
1178, 4394
1654, 4812
4727, 1399
4340, 1382
3494, 218
2929, 3956
4256, 1306
3316, 3472
4181, 2765
1823, 4143
1461, 2316
2095, 4221
879, 849
952, 2310
2162, 3574
1301, 2302
1926, 1937
2618, 26
2175, 4271
2592, 3312
4204, 699
2321, 788
2689, 74
24, 1108
2265, 2190
1145, 935
2954, 2699
1153, 4054
464, 2381
1163, 2376
3736, 3344
4721, 1454
4480, 84
1934, 3835
1022, 2902
2374, 705
3108, 1303
4834, 3846
3312, 1552
3107, 4330
2102, 251
4583, 614
2208, 3679
4665, 155
2285, 1030
800, 4378
355, 2127
3689, 4244
442, 4471
4110, 394
4408, 4407
352, 4774
1023, 3499
1755, 4778
4422, 3384
2015, 1804
4139, 3866
1334, 4003
4929, 2876
1747, 1930
4642, 4403
4690, 408
2078, 4562
4199, 4131
736, 4401
4634, 2123
2458, 1919
1729, 1902
3608, 2718
4365, 2304
2003, 2022
1949, 3268
1660, 921
803, 2174
3763, 1474
1726, 2179
3972, 2823
2388, 805
894, 2837
4247, 3461
2239, 1887
1882, 2459
4322, 4704
3547, 3543
2586, 3946
3106, 4802
2042, 337
4243, 4836
4180, 2697
290, 3044
4575, 110
2213, 3899
681, 2232
1579, 3506
4385, 2017
4435, 1017
1529, 3106
65, 4406
1111, 879
2927, 2044
1062, 1631
2390, 623
3059, 2839
837, 3289
2382, 2967
2871, 2814
1743, 1567
2967, 1886
2461, 2366
4952, 4864
584, 3658
4830, 4816
1979, 3325
2738, 4673
4913, 2510
2055, 2139
3082, 298
4118, 4183
733, 3892
4780, 3404
2424, 4223
4890, 4963
397, 3395
3266, 3662
4499, 2089
2830, 3514
4989, 4679
3825, 471
2518, 4081
510, 4541
1791, 3995
2326, 2180
1342, 2035
4309, 1755
1399, 1364
319, 1089
1651, 2098
4728, 1038
2694, 715
2939, 1567
4416, 4924
2235, 2222
3151, 3320
1701, 2982
33, 54
3869, 4332
2644, 1801
199, 492
728, 1773
2729, 1753
2328, 4833
2158, 1442
235, 2722
616, 1651
1641, 1806
3514, 4453
438, 3972
3506, 4078
4847, 4697
1623, 2208
1854, 2391
452, 1017
4823, 2101
1880, 4003
4331, 414
3809, 4766
1230, 4728
3466, 2890
4477, 985
457, 2366
3075, 2435
2705, 4701
1994, 945
2838, 413
2700, 1393
4306, 2898
4427, 401
4075, 3471
2137, 984
1990, 3990
3364, 767
2715, 1452
1521, 2014
2069, 3666
589, 2859
2169, 4483
3527, 3653
4987, 995
390, 2516
765, 2337
231, 1858
2766, 1884
260, 3436
2610, 3259
2631, 2364
2919, 4731
903, 3530
4831, 4723
2279, 4193
740, 1059
81, 4012
4626, 4445
4150, 4840
3074, 64
4110, 4234
1977, 4090
1337, 718
2133, 2320
4789, 4057
4419, 3294
1657, 3439
4443, 3538
286, 3405
4214, 1720
872, 1074
4699, 1274
907, 2579
760, 906
3097, 4835
3566, 442
4943, 1102
1025, 1617
3551, 3830
4618, 2407
2474, 818
3986, 1490
4423, 4211
4357, 1757
3629, 4552
1503, 4852
1881, 4584
2128, 3643
3498, 1506
4428, 2450
3115, 788
3744, 3125
1809, 2978
814, 7
4837, 4090
581, 3485
3500, 202
3912, 1098
1911, 3486
4660, 883
3013, 4041
2465, 1584
1849, 3352
4293, 3497
190, 1850
1022, 240
2442, 2823
2818, 728
1391, 516
71, 47
644, 2377
1613, 4990
498, 2190
1247, 4027
3701, 2157
3448, 2464
992, 156
748, 4326
1276, 4025
3523, 3527
842, 1566
2750, 3224
2093, 1861
3935, 1258
1526, 3526
2130, 2512
2400, 3659
4882, 408
4098, 3218
644, 1474
2694, 2788
3473, 3507
2680, 2540
2641, 761
4619, 328
1386, 3950
4069, 1576
455, 733
564, 1903
2681, 171
4348, 3112
3262, 1750
3543, 4947
2258, 1940
4303, 1802
4089, 205
3518, 4028
4197, 3896
865, 2915
1975, 3286
4363, 513
1941, 1238
2850, 4379
3037, 886
2358, 1856
2184, 839
3897, 2071
3391, 1861
243, 3508
3669, 663
1621, 3888
1587, 1899
2644, 641
1355, 2618
3420, 4274
2492, 4290
550, 2847
116, 2560
1433, 99
4436, 210
2269, 4633
4841, 1706
1578, 4840
1405, 3667
1109, 3104
3387, 4482
1926, 3055
3320, 2969
2987, 2823
159, 103
852, 4199
2787, 1322
1400, 3691
730, 1408
3685, 568
2230, 3160
3442, 1300
96, 1696
497, 2563
3082, 4422
2330, 809
1849, 2471
2608, 2374
2936, 1210
4676, 1720
4960, 2040
4458, 3852
3005, 2784
1912, 4490
2503, 3011
4833, 1438
2778, 705
1149, 750
1257, 3513
213, 3623
3263, 4214
586, 1496
2835, 1621
4221, 263
2976, 1527
3564, 2468
1655, 4088
3380, 4271
92, 1289
256, 4274
1637, 1070
3771, 2062
3640, 1844
231, 350
1993, 569
4243, 2218
1785, 1540
825, 1574
1995, 4515
2192, 671
1932, 3279
3608, 1549
2341, 780
646, 2861
872, 3586
4443, 548
2442, 1949
1495, 4520
1363, 4894
2612, 2005
4065, 323
1483, 1319
2628, 158
3368, 3467
4838, 3662
4597, 3471
443, 3903
2725, 1355
3159, 3342
3876, 3817
573, 1579
1138, 957
589, 1931
527, 4140
1538, 553
1909, 3130
328, 703
4684, 2134
4806, 1778
175, 2872
3162, 4090
1674, 1318
1742, 2671
3032, 567
2683, 3790
2398, 3694
1216, 607
2682, 4465
2838, 1655
4241, 3725
31, 4729
764, 1450
4085, 4820
424, 607
4863, 331
3989, 3150
3262, 4359
951, 173
1380, 2607
2729, 3336
2902, 3967
898, 3022
3370, 1621
4385, 4122
2705, 2272
435, 1112
1605, 2199
1486, 516
1304, 4709
988, 1428
4708, 4321
3792, 952
1252, 1683
956, 4000
2371, 1185
2410, 3007
1478, 3481
3858, 1026
2957, 2609
1156, 1543
690, 113
4128, 3058
1241, 355
4623, 3808
675, 1929
2879, 410
2176, 4473
4817, 1457
3728, 2210
4337, 3622
4835, 1199
2800, 3263
556, 1193
400, 465
4910, 3698
641, 4337
2365, 3638
4493, 963
2092, 3871
4201, 3894
3483, 2737
2961, 1533
3326, 4941
2319, 1063
280, 4452
781, 1517
1320, 1913
3347, 163
4033, 633
3461, 1165
4502, 2857
1230, 4215
3021, 1357
3967, 4047
3818, 3734
2172, 3558
3845, 2663
1054, 2954
3426, 398
1326, 1044
2373, 1131
1386, 2964
2362, 3017
4784, 4834
2440, 4174
1652, 3846
3396, 4004
1343, 4346
3788, 3544
73, 3533
1681, 3283
3073, 3422
2103, 2365
855, 328
1008, 3928
3082, 3502
1369, 4861
434, 1560
2337, 3753
2954, 4534
3947, 2134
48, 777
2978, 3427
2293, 4767
887, 4199
2400, 811
3080, 1546
2885, 4187
2857, 1321
3128, 738
1067, 517
1510, 3725
4793, 4872
2772, 2568
1381, 462
636, 1510
4773, 3484
3269, 1969
2954, 4428
4201, 4458
869, 2584
2035, 2840
4109, 1502
4470, 4019
1356, 3028
3909, 1401
2448, 981
829, 1617
300, 2842
4279, 395
3813, 4303
1726, 3545
4327, 894
2412, 1232
2192, 1063
971, 2856
564, 2693
833, 2007
2540, 2803
4197, 2012
4431, 3028
1300, 3003
4934, 2314
346, 2745
1161, 1101
824, 2085
2024, 1723
328, 1869
321, 1180
641, 2535
3191, 4116
1710, 2227
4778, 781
4525, 4409
1588, 1288
917, 4794
1664, 2554
1494, 3901
3816, 3821
3284, 1603
1312, 2907
24, 11
769, 650
2899, 180
4770, 3253
4561, 255
2195, 4095
4852, 4463
2652, 4296
4683, 216
1573, 676
4500, 136
3551, 1676
2359, 1026
1865, 2510
4722, 3122
2133, 3537
1739, 4893
4569, 3549
546, 892
3785, 341
2773, 88
3596, 2713
3620, 2151
1726, 978
2811, 4347
4173, 4409
1510, 4883
775, 105
2622, 4973
4231, 3901
4594, 3956
4391, 807
3134, 3244
4078, 4504
1804, 4167
1638, 467
3194, 879
2938, 1245
4096, 2317
3090, 2095
3112, 3175
2662, 3383
4442, 3951
3270, 4111
598, 1144
574, 470
4462, 3978
853, 2405
1183, 4866
3935, 2618
4362, 3036
4113, 3569
2062, 4551
1824, 4268
2030, 1486
4166, 1694
3823, 1715
3520, 2733
745, 2277
504, 90
3658, 3657
4866, 651
4740, 3097
2259, 2176
3006, 2974
1871, 3378
1188, 973
1873, 886
1397, 2315
4190, 2461
1176, 608
4619, 4716
4434, 4251
3212, 3797
4585, 4721
3177, 1419
4915, 2634
457, 269
4327, 2592
4470, 2030
3413, 959
2321, 3337
2519, 1118
765, 4176
4486, 4741
2067, 2765
3700, 4530
3619, 1473
2595, 4873
4159, 1200
4649, 1585
3023, 2204
3033, 1575
4271, 1443
1149, 1254
3897, 4892
2761, 674
1486, 2980
2243, 3267
2929, 206
3733, 1755
541, 2606
2403, 3582
40, 694
2913, 690
341, 3233
4845, 3024
335, 172
4035, 2695
4856, 4973
4879, 1982
4324, 2890
4697, 3131
1431, 4489
1002, 1928
1114, 2383
3451, 104
1650, 4686
1289, 330
3922, 1722
4116, 1443
211, 3061
1418, 3382
2641, 2185
2025, 4634
4800, 2690
486, 2188
1178, 3469
4854, 1441
3053, 2953
59, 1020
4674, 4493
1841, 233
3183, 761
2854, 3363
2185, 4995
1029, 2899
4267, 340
1195, 3448
1512, 4575
1603, 3635
763, 2571
1391, 3028
2569, 3100
49, 2052
2917, 2506
3042, 2857
4604, 1964
819, 3931
3157, 2494
3450, 1003
2139, 2841
997, 506
2659, 3963
3149, 4063
3861, 3546
1150, 1985
886, 2522
3856, 528
4843, 4745
4957, 4934
1885, 1434
4028, 570
4607, 4856
1417, 3777
1860, 4242
2708, 4297
1241, 1318
4384, 2684
4353, 2825
1734, 2010
2784, 2078
3845, 2540
966, 4603
541, 3967
4163, 1427
2774, 867
3865, 2111
83, 402
4609, 2843
1476, 69
445, 2217
3895, 183
534, 1701
3647, 2011
4112, 2952
2543, 266
1063, 525
4530, 1563
2935, 4197
861, 719
1822, 4729
4343, 1711
3823, 4612
3575, 731
4534, 3337
2273, 3101
1829, 4539
3320, 1270
1766, 4725
1872, 3751
3261, 1896
1309, 4829
344, 1490
3204, 4176
2142, 2388
4404, 3557
2212, 4878
583, 421
4537, 1501
2112, 2037
3613, 4754
743, 1617
1826, 2283
920, 0
1216, 2209
3933, 1537
4138, 2425
2080, 4418
1995, 3170
2556, 2192
163, 1599
2423, 889
3528, 217
3344, 4821
493, 256
4403, 690
3635, 1044
872, 3625
1958, 102
4409, 81
1782, 640
4850, 3186
1680, 678
720, 4159
696, 3643
4129, 1764
3239, 2121
1207, 4721
1561, 3676
4709, 1006
3611, 2017
4250, 3323
780, 3530
985, 2647
996, 2038
391, 2264
1432, 1443
2501, 4619
1522, 206
1736, 669
4863, 423
1076, 4594
4640, 3123
3872, 1739
2553, 871
4551, 2163
3960, 2238
66, 3440
2783, 497
4216, 559
3416, 4248
3238, 11
4766, 4460
2681, 1801
2048, 2182
3584, 4912
557, 4358
4736, 4173
1456, 2466
2408, 2196
182, 2707
2476, 950
3264, 890
4442, 4639
753, 3899
3438, 1361
3811, 3382
4449, 2487
1259, 3769
4668, 4476
515, 3866
548, 2027
4508, 1526
2369, 375
4740, 1955
3297, 4958
2585, 1034
4947, 3836
1700, 3253
741, 1386
2517, 3875
2614, 4225
693, 402
482, 3669
2838, 592
3886, 4174
4544, 2881
967, 2819
3910, 4654
2630, 381
2422, 1368
963, 4608
1150, 110
3593, 2815
803, 4877
1867, 949
1548, 4922
1941, 4677
2934, 3388
2180, 4196
2128, 4700
2677, 3277
1562, 3970
3659, 4390
4604, 2461
4252, 935
884, 3495
2200, 486
4788, 2641
2990, 3415
1978, 4286
1560, 3160
4644, 3224
3709, 564
2128, 2582
2283, 4538
3413, 2689
3611, 1102
3190, 4113
2810, 2296
1207, 3574
3255, 2238
1648, 3777
1754, 4463
3187, 3541
66, 902
1770, 1168
2236, 276
655, 2680
3278, 1349
80, 1570
661, 1327
2313, 3131
409, 4415
2177, 3371
441, 4855
2568, 4362
3324, 817
1099, 3120
76, 4274
1098, 4389
1227, 4490
111, 2220
1025, 601
169, 2562
1160, 1989
4961, 4863
770, 1803
4761, 3938
4826, 2845
2242, 1957
3385, 2686
2998, 11
1982, 863
3976, 1655
2577, 754
2089, 2271
3453, 3335
4169, 3660
106, 4864
1929, 3215
1898, 1241
712, 1010
2853, 3592
1819, 726
4890, 2145
3609, 2068
3210, 4978
113, 4813
3007, 2721
1763, 1819
671, 3140
2983, 3036
488, 3232
271, 4993
3950, 4526
1409, 3420
3645, 2109
2917, 1551
1539, 3032
4599, 3838
3124, 4598
279, 1824
3810, 3172
3300, 100
1103, 3610
268, 722
4117, 3525
1076, 2224
216, 2473
567, 901
3730, 1842
2226, 2030
3386, 2480
515, 4033
2680, 4678
1669, 4874
3698, 40
4263, 228
440, 4006
2023, 4609
821, 3512
945, 576
1919, 4464
1545, 167
556, 1703
4640, 4557
3029, 3102
1073, 4665
1591, 1587
1884, 912
646, 195
3698, 883
1901, 1002
681, 2967
282, 678
111, 2558
2001, 1520
1667, 3233
849, 2346
1351, 241
80, 1031
4884, 996
3683, 1344
42, 300
1663, 3229
3471, 1936
4388, 854
1798, 3229
853, 1442
2094, 75
3452, 4542
2869, 4952
4493, 232
1398, 1289
815, 4873
2266, 386
1573, 1117
13, 1592
682, 2016
2186, 2906
4889, 91
4270, 1861
235, 3635
74, 3647
3067, 3285
833, 4199
891, 982
913, 3247
3771, 696
194, 1379
1869, 875
7, 3200
1195, 2061
561, 800
1030, 46
4348, 3080
2075, 366
2373, 483
99, 1536
4707, 946
133, 61
379, 4753
2185, 1053
1081, 4720
1021, 1684
1451, 3555
4418, 385
3027, 332
1085, 675
2877, 4975
3491, 2996
3065, 2553
4654, 4344
2066, 3090
628, 4064
2380, 4881
175, 2010
4113, 3222
1249, 699
1710, 21
2665, 2092
4672, 4451
1883, 996
4717, 3161
2607, 17
1985, 1656
2779, 941
1472, 1099
4678, 271
520, 4762
3585, 2519
3972, 4464
1744, 3601
2656, 456
4797, 2223
2283, 1855
310, 2626
2101, 375
1513, 3761
3961, 4231
407, 1379
4957, 4371
2774, 3932
948, 4469
381, 3995
1227, 3482
931, 1212
393, 1222
4201, 3841
642, 443
3437, 2788
3062, 3962
1664, 3762
911, 3515
3218, 882
4668, 3531
434, 345
3285, 3230
930, 2104
3704, 4571
482, 1063
2684, 75
1866, 381
614, 4096
4265, 717
1337, 4407
611, 2248
2760, 688
1507, 1756
4288, 2651
1318, 2915
976, 1564
1080, 3732
92, 3513
815, 2331
3177, 1488
2998, 1511
801, 2000
1137, 748
1501, 4544
1687, 3113
2528, 4093
659, 3954
3923, 4332
3091, 3963
276, 254
4868, 1460
2366, 867
4880, 1721
1189, 2877
239, 3820
994, 1276
2176, 1778
4959, 640
747, 4835
3249, 3943
4654, 3540
1507, 1855
659, 2882
3717, 4172
2524, 1558
4629, 3702
2817, 1507
2166, 2284
636, 941
3536, 283
3452, 3691
2804, 1788
1419, 2027
3549, 3726
4168, 3075
303, 4916
1047, 3068
193, 4671
3256, 826
2632, 3981
3143, 3408
41, 3933
3836, 801
2790, 1397
58, 918
2047, 1548
3859, 379
2233, 4099
1882, 659
1000, 428
3557, 3970
1461, 4256
2588, 3789
866, 827
4720, 2653
4502, 989
3510, 133
4975, 4672
4743, 1679
3422, 946
981, 163
242, 370
1447, 3870
3460, 4706
2760, 3201
1143, 3344
419, 2265
784, 1166
3831, 1348
4341, 4116
2475, 957
1503, 1765
1457, 4251
3636, 3434
634, 2491
4954, 2530
2673, 948
1267, 3913
3220, 4760
650, 1634
2344, 2443
1949, 1865
4770, 4685
2129, 2646
1986, 4725
1385, 4709
2142, 4969
340, 2226
3539, 1462
3937, 3683
2374, 4672
4511, 358
2584, 4589
1927, 4950
3816, 3790
2503, 4162
161, 3482
683, 1493
10, 1076
4701, 1418
4718, 1489
1096, 2865
4304, 3438
72, 2705
78, 2423
2280, 1111
1460, 1322
2342, 3334
3569, 676
1133, 2752
3927, 3234
2461, 2347
3590, 1052
249, 2258
1273, 4872
3911, 997
389, 1442
467, 3483
725, 3734
2689, 4343
1477, 1972
4196, 560
772, 3649
854, 4523
1352, 4792
3915, 4439
2994, 2930
4117, 4458
3238, 1443
80, 2001
539, 709
721, 3707
856, 4509
2920, 1664
3467, 1056
2333, 2072
3771, 1816
2171, 2938
3625, 245
4465, 3088
4288, 4502
1005, 4864
2469, 3216
4281, 729
1364, 4110
2597, 2835
2399, 1778
493, 1971
3590, 104
243, 2709
3211, 1174
3661, 3615
2587, 4295
4979, 3763
1583, 2349
4713, 1418
2497, 4511
3431, 3617
1447, 284
4681, 344
237, 3665
2162, 2421
569, 2614
1346, 3487
1329, 1504
2190, 1983
1862, 2502
1963, 2446
1527, 110
1952, 4149
4387, 2518
2330, 1715
2830, 37
2924, 3518
1210, 1840
4384, 90
2414, 1713
1227, 202
4443, 2810
4814, 2303
1700, 3974
47, 4565
571, 490
3999, 2485
4201, 4944
790, 4503
4841, 2720
2323, 497
3263, 190
1532, 2328
3879, 2946
4790, 2734
4631, 4907
4317, 1830
2438, 1823
4410, 841
133, 1917
3390, 2345
1962, 3297
407, 4996
737, 3109
2652, 3811
3367, 1665
2997, 4586
2054, 1937
3591, 2509
4567, 4199
1930, 3978
3153, 1076
3831, 355
2065, 3384
2968, 4280
1706, 2562
1490, 3018
3855, 1538
4039, 1537
1532, 2945
724, 3715
3632, 2449
2953, 393
780, 135
4659, 3797
1769, 1924
4541, 3216
493, 801
1579, 2680
4702, 2608
4387, 1223
272, 2785
357, 3175
4282, 2490
4941, 4992
2657, 149
804, 1397
3805, 2362
73, 459
3478, 4147
1821, 4268
1041, 3740
2187, 2410
2297, 1255
2331, 3597
3708, 685
3216, 1540
4436, 24
127, 3664
373, 2738
522, 3953
788, 233
1347, 1667
4487, 87
4632, 148
3139, 4160
4310, 4760
2645, 3021
1101, 3808
2084, 329
1202, 3905
629, 3686
3753, 1198
4770, 3621
955, 1571
1175, 801
4550, 4003
1293, 398
3373, 3799
880, 1167
331, 1587
4422, 2329
2674, 4404
4979, 664
954, 1455
344, 2592
1461, 137
3998, 2854
843, 2172
920, 3382
4175, 1562
974, 1789
289, 3244
4336, 1078
1973, 196
3976, 77
4441, 604
3273, 4570
1174, 4520
3435, 3401
2427, 1386
1880, 4884
3785, 1749
961, 2271
4899, 2135
3114, 1709
3234, 4867
584, 886
4758, 1694
3485, 3976
3465, 3800
225, 1223
2456, 3758
